635b7fa2-4433-4613-8864-c28633778687,0,21,3
094e2afd-6f00-424e-a5b6-c74eb0466105,711,0,3
787eef1c-9aa3-47d6-8166-d05bfa9c3998,1786,0,4
634c9ed1-1338-4005-b2d9-3efe4606d30e,1775,0,4
d174ba15-a6d5-425c-84ae-544d863c18f8,911,0,3
9d1a3ed5-d452-41d1-a84d-936262fcf040,1124,0,3
76bd6dc3-92ba-4a32-b67e-81fee45245b0,819,0,3
21488117-7f31-40b1-98eb-a40578d8423e,976,0,4
4961ae13-25ec-4a08-b555-0125e13f9cb3,572,0,10
475063a8-3a68-487f-b511-8574a42a7ad8,2346,0,5
27daa0d0-dce7-4a64-9798-af8cafc7472c,1175,30,4
e637b47c-4b90-4537-999f-c08b145641f2,1001,0,2
2ebd0e02-46e9-4221-a8c7-f202655bccdd,936,37,4
8364a7c9-f2ce-46d2-ad4d-b72a697437fe,413,0,3
873995c8-e2fb-4055-a0cc-d99d9f06d14f,283,0,8
dab3253f-9124-4e6f-8a21-83f210667a4d,1517,0,5
5059272e-03af-4f49-a6b0-0cec07cf47c0,759,0,3
05f9ff55-baee-46be-afdd-b711c0e2c7b3,750,0,2
996940b1-1781-4fc5-b72e-b3ceaf0e0757,983,0,1
7e54e21f-7b13-4bc6-91d4-349ed167991b,2573,0,7
72b42d39-dfdf-48b9-84c4-d59a221a0ae6,925,0,2
f363f4d2-e1c9-496b-8646-0130e9cb315b,987,0,15
092364a4-d6e8-4dc3-9a15-45f82fdfc4aa,587,0,3
95c8a61f-5adc-4cb4-a0b7-ed5ebd6c7ce2,1144,0,4
c8a0c1c1-6f60-432a-80bd-0dae598830c4,357,0,2
ee8968fb-3c76-4a11-adce-69743c074fea,1713,0,5
60c714cb-1271-4e4d-bb8f-d787cb2525af,628,0,1
54eb3137-3bdd-467a-98fd-850f127373f6,874,0,2
0a9e0b3d-a57b-4021-8b2e-f23286ee7879,348,81,2
33ba0755-80ae-4843-b2dc-e92d181ac326,1705,0,7
70a7eb4e-591c-4018-8ff4-042450d178dc,0,20,3
a2e503be-8cfc-48f6-bf8e-328ca861bf59,1189,0,2
cd769c9b-e185-46d5-b1cc-eb97d520aab1,601,0,2
b25f0064-6a07-4760-933d-0dd23d708081,2821,0,4
3ada637d-1968-4562-b0f6-087d00d0d5b4,769,0,2
28d43370-5f63-41d9-9150-25c9ae4cf937,1804,37,7
22b27ecb-e652-4141-83b2-0717792ec895,835,0,4
f94f7742-89d3-4fa7-b5d4-812085553727,1317,0,3
b1310646-5d19-48cc-b583-e12f45265c53,1393,0,4
e53429eb-4c4c-4351-8f6e-e6cf53064dbe,2283,0,5
a494fa72-fa4a-4845-94af-0f59025951f1,2043,96,5
254b5255-f52f-446b-ba3d-060b34e4597b,500,0,4
d880d0bf-e8f8-4dab-b687-0f041033aded,904,0,3
205f8b17-865a-4a9f-82fc-1d257ca04191,2380,92,4
f94196f6-8c19-4fb4-8572-37899cd224a5,267,74,4
c97f7ba8-b456-4672-80a2-95a1d4e24943,606,65,6
d4b861aa-ec22-44af-9da9-eaa2342ad4fe,712,0,3
16370937-2e1f-41ee-9f6d-3132d71f5e27,413,0,2